1000
1 -999999999
1 999999999
1 27989
1 15363
2 27989
3 9759
4 19873
4 698
4 22663
5 20486
5 13892
1 22787
1 3108
1 31682
2 3108
3 31682
4 4658
4 16410
4 22267
5 27002
5 16835
1 31802
1 12292
1 22482
2 22482
3 1468
4 6948
4 9605
4 23811
5 20314
5 6095
1 21415
1 19421
1 1224
2 22787
3 1224
4 5041
4 10637
4 6966
5 15348
5 2623
1 22993
1 13601
1 10308
2 19421
3 12292
4 32700
4 10154
4 15024
5 11866
5 9627
1 8786
1 1402
1 15965
2 15363
3 20246
4 25017
4 25165
4 19402
5 20379
5 15740
1 19396
1 15090
1 27883
2 1402
3 12292
4 21705
4 22273
4 29200
5 17774
5 160
1 31222
1 462
1 34
2 462
3 31682
4 7915
4 5232
4 3220
5 19075
5 19537
1 19886
1 19629
1 19987
2 19886
3 21415
4 6641
4 7786
4 15636
5 20226
5 14566
1 12152
1 19148
1 20314
2 22993
3 9220
4 17936
4 12450
4 125
5 7463
5 12716
1 24777
1 22669
1 1066
2 12152
3 34
4 1025
4 21656
4 12364
5 23411
5 27432
1 9455
1 23854
1 11008
2 12292
3 19396
4 18852
4 30978
4 27754
5 20253
5 27634
1 19630
1 29382
1 14089
2 19148
3 1066
4 17329
4 30548
4 23188
5 32138
5 6385
1 21507
1 1667
1 12689
2 9455
3 19629
4 17039
4 17021
4 2716
5 15992
5 4716
1 10460
1 7311
1 22853
2 21507
3 1667
4 28716
4 28507
4 28407
5 27735
5 25738
1 15827
1 16260
1 8034
2 19630
3 10460
4 2523
4 14642
4 2329
5 16906
5 5621
1 11637
1 5581
1 4991
2 1224
3 22177
4 8351
4 6963
4 7612
5 2947
5 15741
1 3582
1 23870
1 21496
2 31682
3 22853
4 13694
4 8061
4 11258
5 9219
5 11416
1 16321
1 22542
1 32147
2 22542
3 15354
4 19784
4 14209
4 14553
5 25972
5 15275
1 3446
1 3356
1 19458
2 13601
3 19987
4 12962
4 14522
4 24745
5 28072
5 24051
1 21090
1 5290
1 8242
2 15827
3 3582
4 23478
4 22980
4 25929
5 13021
5 13861
1 27999
1 8434
1 32468
2 16321
3 5581
4 12266
4 10215
4 18809
5 19993
5 12903
1 13123
1 14426
1 20851
2 8434
3 32468
4 4923
4 9863
4 15853
5 8585
5 24638
1 31846
1 15747
1 32153
2 19458
3 4779
4 18587
4 20390
4 31008
5 21843
5 14727
1 1009
1 1151
1 22847
2 10308
3 23931
4 28090
4 18026
4 15871
5 14469
5 12949
1 6578
1 3514
1 4743
2 22847
3 19396
4 30149
4 1107
4 19451
5 6650
5 1095
1 14458
1 22616
1 14815
2 21496
3 20314
4 7776
4 28041
4 22605
5 2551
5 28431
1 26696
1 28713
1 21326
2 1009
3 14089
4 17584
4 29222
4 6432
5 31634
5 24012
1 11710
1 23387
1 16624
2 8786
3 20851
4 2786
4 7985
4 7594
5 27456
5 30189
1 29125
1 31713
1 682
2 27999
3 4743
4 16962
4 18587
4 26537
5 23586
5 4604
1 20554
1 29098
1 27095
2 14089
3 4276
4 9558
4 17377
4 4189
5 14909
5 14221
1 7459
1 32066
1 7737
2 16260
3 23870
4 275
4 22934
4 31941
5 13188
5 31509
1 21464
1 27235
1 18631
2 21464
3 28016
4 25541
4 14855
4 2931
5 23239
5 8561
1 21214
1 7961
1 22862
2 11637
3 4991
4 11375
4 13824
4 1385
5 5069
5 28665
1 22280
1 26419
1 16352
2 23854
3 31626
4 20486
4 20991
4 19516
5 8631
5 18076
1 14686
1 16426
1 26833
2 7961
3 3446
4 19575
4 15052
4 25278
5 27018
5 4845
1 12323
1 29793
1 3932
2 27095
3 20314
4 9603
4 13367
4 359
5 25380
5 627
1 17394
1 12793
1 16421
2 17394
3 7311
4 18453
4 18592
4 19098
5 17356
5 31998
1 7643
1 19813
1 21064
2 27883
3 21326
4 31731
4 5256
4 5737
5 24468
5 17049
1 9031
1 14450
1 7642
2 1667
3 3052
4 24462
4 21922
4 3498
5 3895
5 25680
1 21193
1 12424
1 9166
2 19396
3 1151
4 25909
4 24615
4 4930
5 26702
5 20354
1 29391
1 14234
1 1340
2 3932
3 13123
4 24270
4 31766
4 31508
5 15502
5 13300
1 6280
1 114
1 23825
2 12793
3 12323
4 31175
4 21427
4 10163
5 21783
5 9391
1 20774
1 26320
1 22294
2 6280
3 13123
4 12484
4 27077
4 5559
5 5750
5 10792
1 21058
1 2455
1 8435
2 32153
3 1340
4 25239
4 11603
4 9857
5 24065
5 213
1 28620
1 16218
1 27134
2 21064
3 22862
4 23910
4 29552
4 12637
5 25447
5 1543
1 4334
1 32152
1 4305
2 4743
3 31222
4 20508
4 2785
4 8293
5 10768
5 7003
1 32563
1 25665
1 29887
2 1340
3 1526
4 25147
4 23741
4 9846
5 10235
5 10252
1 11480
1 21662
1 6687
2 26419
3 5868
4 19957
4 1675
4 18345
5 30689
5 12275
1 30284
1 10280
1 11377
2 12323
3 8976
4 20853
4 28759
4 10542
5 17188
5 22787
1 18033
1 30336
1 17094
2 26833
3 10675
4 20361
4 23676
4 7344
5 16283
5 8763
1 19828
1 31630
1 12420
2 23825
3 30284
4 17927
4 7486
4 1282
5 237
5 16693
1 21963
1 28489
1 3744
2 8435
3 682
4 32085
4 25194
4 26834
5 7631
5 10918
1 8388
1 14129
1 8722
2 5290
3 18631
4 4923
4 17786
4 6183
5 29138
5 1521
1 20714
1 24808
1 9633
2 14129
3 17723
4 1006
4 28179
4 4184
5 19736
5 6941
1 9114
1 22923
1 3538
2 21193
3 12901
4 13484
4 4015
4 31315
5 9170
5 5570
1 17812
1 30199
1 1460
2 3514
3 14450
4 15588
4 536
4 5497
5 140
5 9504
1 1666
1 21942
1 23526
2 26320
3 29382
4 30652
4 12349
4 20687
5 6091
5 29682
1 8882
1 2896
1 18903
2 16421
3 5581
4 20225
4 18612
4 5540
5 9067
5 29765
1 26226
1 22618
1 19139
2 16218
3 20851
4 12758
4 4089
4 32220
5 18620
5 25134
1 28520
1 2464
1 28202
2 21090
3 7643
4 9891
4 6721
4 26501
5 27277
5 14188
1 19212
1 10283
1 8199
2 16624
3 21009
4 10013
4 17825
4 11215
5 9219
5 11101
1 21727
1 19240
1 24184
2 32066
3 3538
4 14362
4 6538
4 7040
5 21110
5 10239
1 19737
1 20461
1 16504
2 22923
3 11666
4 7000
4 21651
4 15469
5 14515
5 7439
1 22520
1 18921
1 5269
2 25665
3 11377
4 11603
4 25174
4 18840
5 10527
5 4632
1 29598
1 32552
1 2608
2 682
3 14499
4 29502
4 24180
4 29552
5 31123
5 32021
1 6832
1 14532
1 24146
2 28620
3 14532
4 15676
4 28345
4 7926
5 11477
5 8550
1 31127
1 16858
1 987
2 21727
3 30199
4 24169
4 16075
4 22341
5 100
5 3858
1 6301
1 23739
1 10560
2 28520
3 19629
4 18079
4 17925
4 21144
5 10685
5 5665
1 2065
1 12752
1 28209
2 11008
3 7459
4 19098
4 11962
4 19796
5 8836
5 6702
1 24501
1 1756
1 3303
2 19987
3 1666
4 12645
4 19575
4 23501
5 26074
5 21108
1 26334
1 27521
1 2165
2 1066
3 32009
4 28443
4 25688
4 30583
5 9736
5 24885
1 13343
1 2315
1 21812
2 23526
3 22294
4 24713
4 13556
4 18046
5 10158
5 15392
1 2269
1 18336
1 18312
2 20461
3 9007
4 9052
4 29788
4 24178
5 21470
5 14273
1 26850
1 31139
1 27833
2 3303
3 14235
4 29721
4 13932
4 8320
5 17866
5 1867
1 25901
1 31365
1 3069
2 10560
3 15747
4 32285
4 24094
4 4480
5 20120
5 23876
1 19639
1 19846
1 788
2 1460
3 29382
4 3608
4 19650
4 2144
5 1508
5 30388
1 4575
1 17293
1 8658
2 21963
3 14234
4 31427
4 26896
4 9558
5 20209
5 6924
1 15721
1 29942
1 24424
2 11480
3 31139
4 3626
4 2380
4 12643
5 12374
5 17091
1 16416
1 6119
1 21391
2 26334
3 3356
4 10419
4 10305
4 29991
5 32304
5 23703
1 16670
1 22056
1 9654
2 1756
3 2455
4 5953
4 22849
4 2491
5 12561
5 31793
1 9938
1 31078
1 23259
2 12424
3 3069
4 17593
4 25482
4 18071
5 27620
5 10703
1 6437
1 3830
1 7130
2 8658
3 3627
4 32715
4 16563
4 26386
5 31070
5 12342
1 16568
1 10415
1 14740
2 22862
3 30362
4 7923
4 8046
4 1430
5 24513
5 8459
1 18373
1 24621
1 7847
2 31713
3 32112
4 22548
4 26350
4 771
5 9740
5 9096
1 2870
1 30032
1 10651
2 15965
3 10280
4 26544
4 21474
4 18329
5 22909
5 23268
1 26941
1 9828
1 8180
2 14740
3 31846
4 19413
4 1346
4 29723
5 17378
5 30345
1 31913
1 6859
1 25365
2 19813
3 30217
4 31810
4 26471
4 13751
5 16380
5 5183
1 13511
1 30711
1 27103
2 25365
3 11590
4 6953
4 25522
4 365
5 30820
5 16502
1 2317
1 3234
1 10545
2 9654
3 7863
4 8382
4 1862
4 29574
5 24113
5 8990
1 7098
1 12873
1 10593
2 26941
3 5501
4 3161
4 7929
4 32236
5 26442
5 30844
1 20052
1 31256
1 1406
2 24184
3 24621
4 19984
4 18126
4 9426
5 10108
5 10513
1 22548
1 20200
1 27168
2 16504
3 19633
4 23370
4 2525
4 5629
5 30019
5 10994
1 7577
1 13479
1 13771
2 10280
3 17293
4 27642
4 24289
4 26248
5 9837
5 14949
1 8593
1 28771
1 16105
2 114
3 34
4 7272
4 10197
4 29952
5 5848
5 20020
1 431
1 6884
1 3526
2 27134
3 32468
4 1233
4 17460
4 30565
5 16435
5 23386
1 21127
1 32477
1 27867
2 25901
3 31139
4 6243
4 4449
4 12748
5 16006
5 24018
1 22734
1 17884
1 14645
2 16426
3 10415
4 19734
4 26124
4 31561
5 27684
5 21775
1 30913
1 9167
1 8206
2 7643
3 3582
4 8992
4 6827
4 22599
5 18283
5 1031
1 24582
1 8470
1 29113
2 4334
3 2065
4 19261
4 4195
4 18500
5 29208
